==Test read_comp_file only IMAP=0 ................
    #-- Inputs for Function Name: read_comp_file
        strFile_name =  DG73C12RAU6.cmp
  IUNITS    2
...............................
  TEDATA    [-40.0, -30.0, -20.0, -10.0, 0.0, 10.0]
...............................
  TCDATA    [100.0, 110.0, 120.0, 130.0]
...............................
  CAPAC     [[382.3, 555.0, 771.4, 1039.2, 1367.2, 1764.8], [359.4, 532.1, 748.5, 1016.3, 1344.2, 1741.8], [333.8, 506.5, 722.8, 990.6, 1318.4, 1716.0], [305.3, 478.0, 694.3, 961.9, 1289.7, 1687.2]]
...............................
  POWER     [[83.2, 106.0, 129.1, 151.8, 173.3, 192.6], [83.3, 108.6, 134.3, 160.2, 185.2, 208.6], [82.2, 109.9, 138.5, 167.4, 195.9, 223.2], [79.7, 110.0, 141.3, 173.3, 205.3, 236.5]]